INSTANCIA 50_250_3

ALFA 0.15 =============

EXECUCAO 1
Custo: 338.000000
Vertices: 11
Tempo: 0.013413
Label	|	Custo
  10	|	31.000
   5	|	36.000
  34	|	21.000
  32	|	27.000
  38	|	32.000
  24	|	22.000
  49	|	33.000
  37	|	35.000
  30	|	34.000
  22	|	37.000
  47	|	30.000

EXECUCAO 2
Custo: 338.000000
Vertices: 11
Tempo: 0.013635
Label	|	Custo
  10	|	31.000
   5	|	36.000
  34	|	21.000
  32	|	27.000
  38	|	32.000
  24	|	22.000
  49	|	33.000
  37	|	35.000
  30	|	34.000
  22	|	37.000
  47	|	30.000

EXECUCAO 3
Custo: 338.000000
Vertices: 11
Tempo: 0.013363
Label	|	Custo
  10	|	31.000
   5	|	36.000
  34	|	21.000
  32	|	27.000
  38	|	32.000
  24	|	22.000
  49	|	33.000
  37	|	35.000
  30	|	34.000
  22	|	37.000
  47	|	30.000

EXECUCAO 4
Custo: 338.000000
Vertices: 11
Tempo: 0.013562
Label	|	Custo
  10	|	31.000
   5	|	36.000
  34	|	21.000
  32	|	27.000
  38	|	32.000
  24	|	22.000
  49	|	33.000
  37	|	35.000
  30	|	34.000
  22	|	37.000
  47	|	30.000

EXECUCAO 5
Custo: 338.000000
Vertices: 11
Tempo: 0.013534
Label	|	Custo
  10	|	31.000
   5	|	36.000
  34	|	21.000
  32	|	27.000
  38	|	32.000
  24	|	22.000
  49	|	33.000
  37	|	35.000
  30	|	34.000
  22	|	37.000
  47	|	30.000

EXECUCAO 6
Custo: 338.000000
Vertices: 11
Tempo: 0.013717
Label	|	Custo
  10	|	31.000
   5	|	36.000
  34	|	21.000
  32	|	27.000
  38	|	32.000
  24	|	22.000
  49	|	33.000
  37	|	35.000
  30	|	34.000
  22	|	37.000
  47	|	30.000

EXECUCAO 7
Custo: 338.000000
Vertices: 11
Tempo: 0.013638
Label	|	Custo
  10	|	31.000
   5	|	36.000
  34	|	21.000
  32	|	27.000
  38	|	32.000
  24	|	22.000
  49	|	33.000
  37	|	35.000
  30	|	34.000
  22	|	37.000
  47	|	30.000

EXECUCAO 8
Custo: 338.000000
Vertices: 11
Tempo: 0.013815
Label	|	Custo
  10	|	31.000
   5	|	36.000
  34	|	21.000
  32	|	27.000
  38	|	32.000
  24	|	22.000
  49	|	33.000
  37	|	35.000
  30	|	34.000
  22	|	37.000
  47	|	30.000

EXECUCAO 9
Custo: 338.000000
Vertices: 11
Tempo: 0.013762
Label	|	Custo
  10	|	31.000
   5	|	36.000
  34	|	21.000
  32	|	27.000
  38	|	32.000
  24	|	22.000
  49	|	33.000
  37	|	35.000
  30	|	34.000
  22	|	37.000
  47	|	30.000

EXECUCAO 10
Custo: 338.000000
Vertices: 11
Tempo: 0.013465
Label	|	Custo
  10	|	31.000
   5	|	36.000
  34	|	21.000
  32	|	27.000
  38	|	32.000
  24	|	22.000
  49	|	33.000
  37	|	35.000
  30	|	34.000
  22	|	37.000
  47	|	30.000

=====

ALFA 0.30 =============

EXECUCAO 1
Custo: 368.000000
Vertices: 10
Tempo: 0.013053
Label	|	Custo
  26	|	33.000
  18	|	45.000
  33	|	35.000
  50	|	38.000
  37	|	35.000
   4	|	25.000
  42	|	36.000
  44	|	38.000
  40	|	39.000
  41	|	44.000

EXECUCAO 2
Custo: 368.000000
Vertices: 10
Tempo: 0.013265
Label	|	Custo
  26	|	33.000
  18	|	45.000
  33	|	35.000
  50	|	38.000
  37	|	35.000
   4	|	25.000
  42	|	36.000
  44	|	38.000
  40	|	39.000
  41	|	44.000

EXECUCAO 3
Custo: 368.000000
Vertices: 10
Tempo: 0.013481
Label	|	Custo
  26	|	33.000
  18	|	45.000
  33	|	35.000
  50	|	38.000
  37	|	35.000
   4	|	25.000
  42	|	36.000
  44	|	38.000
  40	|	39.000
  41	|	44.000

EXECUCAO 4
Custo: 368.000000
Vertices: 10
Tempo: 0.013146
Label	|	Custo
  26	|	33.000
  18	|	45.000
  33	|	35.000
  50	|	38.000
  37	|	35.000
   4	|	25.000
  42	|	36.000
  44	|	38.000
  40	|	39.000
  41	|	44.000

EXECUCAO 5
Custo: 368.000000
Vertices: 10
Tempo: 0.013009
Label	|	Custo
  26	|	33.000
  18	|	45.000
  33	|	35.000
  50	|	38.000
  37	|	35.000
   4	|	25.000
  42	|	36.000
  44	|	38.000
  40	|	39.000
  41	|	44.000

EXECUCAO 6
Custo: 368.000000
Vertices: 10
Tempo: 0.013049
Label	|	Custo
  26	|	33.000
  18	|	45.000
  33	|	35.000
  50	|	38.000
  37	|	35.000
   4	|	25.000
  42	|	36.000
  44	|	38.000
  40	|	39.000
  41	|	44.000

EXECUCAO 7
Custo: 368.000000
Vertices: 10
Tempo: 0.013132
Label	|	Custo
  26	|	33.000
  18	|	45.000
  33	|	35.000
  50	|	38.000
  37	|	35.000
   4	|	25.000
  42	|	36.000
  44	|	38.000
  40	|	39.000
  41	|	44.000

EXECUCAO 8
Custo: 368.000000
Vertices: 10
Tempo: 0.013113
Label	|	Custo
  26	|	33.000
  18	|	45.000
  33	|	35.000
  50	|	38.000
  37	|	35.000
   4	|	25.000
  42	|	36.000
  44	|	38.000
  40	|	39.000
  41	|	44.000

EXECUCAO 9
Custo: 368.000000
Vertices: 10
Tempo: 0.010375
Label	|	Custo
  26	|	33.000
  18	|	45.000
  33	|	35.000
  50	|	38.000
  37	|	35.000
   4	|	25.000
  42	|	36.000
  44	|	38.000
  40	|	39.000
  41	|	44.000

EXECUCAO 10
Custo: 368.000000
Vertices: 10
Tempo: 0.013252
Label	|	Custo
  26	|	33.000
  18	|	45.000
  33	|	35.000
  50	|	38.000
  37	|	35.000
   4	|	25.000
  42	|	36.000
  44	|	38.000
  40	|	39.000
  41	|	44.000

=====

ALFA 0.50 =============

EXECUCAO 1
Custo: 296.000000
Vertices: 10
Tempo: 0.013832
Label	|	Custo
   9	|	30.000
  34	|	21.000
  48	|	35.000
  29	|	31.000
  21	|	26.000
  32	|	27.000
  17	|	23.000
  14	|	20.000
  30	|	34.000
  25	|	49.000

EXECUCAO 2
Custo: 296.000000
Vertices: 10
Tempo: 0.013850
Label	|	Custo
   9	|	30.000
  34	|	21.000
  48	|	35.000
  29	|	31.000
  21	|	26.000
  32	|	27.000
  17	|	23.000
  14	|	20.000
  30	|	34.000
  25	|	49.000

EXECUCAO 3
Custo: 296.000000
Vertices: 10
Tempo: 0.013836
Label	|	Custo
   9	|	30.000
  34	|	21.000
  48	|	35.000
  29	|	31.000
  21	|	26.000
  32	|	27.000
  17	|	23.000
  14	|	20.000
  30	|	34.000
  25	|	49.000

EXECUCAO 4
Custo: 296.000000
Vertices: 10
Tempo: 0.013986
Label	|	Custo
   9	|	30.000
  34	|	21.000
  48	|	35.000
  29	|	31.000
  21	|	26.000
  32	|	27.000
  17	|	23.000
  14	|	20.000
  30	|	34.000
  25	|	49.000

EXECUCAO 5
Custo: 296.000000
Vertices: 10
Tempo: 0.014084
Label	|	Custo
   9	|	30.000
  34	|	21.000
  48	|	35.000
  29	|	31.000
  21	|	26.000
  32	|	27.000
  17	|	23.000
  14	|	20.000
  30	|	34.000
  25	|	49.000

EXECUCAO 6
Custo: 296.000000
Vertices: 10
Tempo: 0.014100
Label	|	Custo
   9	|	30.000
  34	|	21.000
  48	|	35.000
  29	|	31.000
  21	|	26.000
  32	|	27.000
  17	|	23.000
  14	|	20.000
  30	|	34.000
  25	|	49.000

EXECUCAO 7
Custo: 296.000000
Vertices: 10
Tempo: 0.014138
Label	|	Custo
   9	|	30.000
  34	|	21.000
  48	|	35.000
  29	|	31.000
  21	|	26.000
  32	|	27.000
  17	|	23.000
  14	|	20.000
  30	|	34.000
  25	|	49.000

EXECUCAO 8
Custo: 296.000000
Vertices: 10
Tempo: 0.014123
Label	|	Custo
   9	|	30.000
  34	|	21.000
  48	|	35.000
  29	|	31.000
  21	|	26.000
  32	|	27.000
  17	|	23.000
  14	|	20.000
  30	|	34.000
  25	|	49.000

EXECUCAO 9
Custo: 296.000000
Vertices: 10
Tempo: 0.010700
Label	|	Custo
   9	|	30.000
  34	|	21.000
  48	|	35.000
  29	|	31.000
  21	|	26.000
  32	|	27.000
  17	|	23.000
  14	|	20.000
  30	|	34.000
  25	|	49.000

EXECUCAO 10
Custo: 296.000000
Vertices: 10
Tempo: 0.014093
Label	|	Custo
   9	|	30.000
  34	|	21.000
  48	|	35.000
  29	|	31.000
  21	|	26.000
  32	|	27.000
  17	|	23.000
  14	|	20.000
  30	|	34.000
  25	|	49.000

=====

