INSTANCIA 50_50_3

ALFA 0.15 =============

EXECUCAO 1
Custo: 625.000000
Vertices: 20
Tempo: 0.033899
Label	|	Custo
  34	|	21.000
  38	|	32.000
  24	|	22.000
  17	|	23.000
  14	|	20.000
   6	|	25.000
   9	|	30.000
  29	|	31.000
  49	|	33.000
  46	|	33.000
  26	|	33.000
  30	|	34.000
  21	|	26.000
  23	|	34.000
  20	|	34.000
  48	|	35.000
   5	|	36.000
  50	|	38.000
  13	|	40.000
  18	|	45.000

EXECUCAO 2
Custo: 625.000000
Vertices: 20
Tempo: 0.033456
Label	|	Custo
  34	|	21.000
  38	|	32.000
  24	|	22.000
  17	|	23.000
  14	|	20.000
   6	|	25.000
   9	|	30.000
  29	|	31.000
  49	|	33.000
  46	|	33.000
  26	|	33.000
  30	|	34.000
  21	|	26.000
  23	|	34.000
  20	|	34.000
  48	|	35.000
   5	|	36.000
  50	|	38.000
  13	|	40.000
  18	|	45.000

EXECUCAO 3
Custo: 625.000000
Vertices: 20
Tempo: 0.034854
Label	|	Custo
  34	|	21.000
  38	|	32.000
  24	|	22.000
  17	|	23.000
  14	|	20.000
   6	|	25.000
   9	|	30.000
  29	|	31.000
  49	|	33.000
  46	|	33.000
  26	|	33.000
  30	|	34.000
  21	|	26.000
  23	|	34.000
  20	|	34.000
  48	|	35.000
   5	|	36.000
  50	|	38.000
  13	|	40.000
  18	|	45.000

EXECUCAO 4
Custo: 625.000000
Vertices: 20
Tempo: 0.033640
Label	|	Custo
  34	|	21.000
  38	|	32.000
  24	|	22.000
  17	|	23.000
  14	|	20.000
   6	|	25.000
   9	|	30.000
  29	|	31.000
  49	|	33.000
  46	|	33.000
  26	|	33.000
  30	|	34.000
  21	|	26.000
  23	|	34.000
  20	|	34.000
  48	|	35.000
   5	|	36.000
  50	|	38.000
  13	|	40.000
  18	|	45.000

EXECUCAO 5
Custo: 625.000000
Vertices: 20
Tempo: 0.034172
Label	|	Custo
  34	|	21.000
  38	|	32.000
  24	|	22.000
  17	|	23.000
  14	|	20.000
   6	|	25.000
   9	|	30.000
  29	|	31.000
  49	|	33.000
  46	|	33.000
  26	|	33.000
  30	|	34.000
  21	|	26.000
  23	|	34.000
  20	|	34.000
  48	|	35.000
   5	|	36.000
  50	|	38.000
  13	|	40.000
  18	|	45.000

EXECUCAO 6
Custo: 625.000000
Vertices: 20
Tempo: 0.034268
Label	|	Custo
  34	|	21.000
  38	|	32.000
  24	|	22.000
  17	|	23.000
  14	|	20.000
   6	|	25.000
   9	|	30.000
  29	|	31.000
  49	|	33.000
  46	|	33.000
  26	|	33.000
  30	|	34.000
  21	|	26.000
  23	|	34.000
  20	|	34.000
  48	|	35.000
   5	|	36.000
  50	|	38.000
  13	|	40.000
  18	|	45.000

EXECUCAO 7
Custo: 625.000000
Vertices: 20
Tempo: 0.034754
Label	|	Custo
  34	|	21.000
  38	|	32.000
  24	|	22.000
  17	|	23.000
  14	|	20.000
   6	|	25.000
   9	|	30.000
  29	|	31.000
  49	|	33.000
  46	|	33.000
  26	|	33.000
  30	|	34.000
  21	|	26.000
  23	|	34.000
  20	|	34.000
  48	|	35.000
   5	|	36.000
  50	|	38.000
  13	|	40.000
  18	|	45.000

EXECUCAO 8
Custo: 625.000000
Vertices: 20
Tempo: 0.034747
Label	|	Custo
  34	|	21.000
  38	|	32.000
  24	|	22.000
  17	|	23.000
  14	|	20.000
   6	|	25.000
   9	|	30.000
  29	|	31.000
  49	|	33.000
  46	|	33.000
  26	|	33.000
  30	|	34.000
  21	|	26.000
  23	|	34.000
  20	|	34.000
  48	|	35.000
   5	|	36.000
  50	|	38.000
  13	|	40.000
  18	|	45.000

EXECUCAO 9
Custo: 625.000000
Vertices: 20
Tempo: 0.035198
Label	|	Custo
  34	|	21.000
  38	|	32.000
  24	|	22.000
  17	|	23.000
  14	|	20.000
   6	|	25.000
   9	|	30.000
  29	|	31.000
  49	|	33.000
  46	|	33.000
  26	|	33.000
  30	|	34.000
  21	|	26.000
  23	|	34.000
  20	|	34.000
  48	|	35.000
   5	|	36.000
  50	|	38.000
  13	|	40.000
  18	|	45.000

EXECUCAO 10
Custo: 625.000000
Vertices: 20
Tempo: 0.034115
Label	|	Custo
  34	|	21.000
  38	|	32.000
  24	|	22.000
  17	|	23.000
  14	|	20.000
   6	|	25.000
   9	|	30.000
  29	|	31.000
  49	|	33.000
  46	|	33.000
  26	|	33.000
  30	|	34.000
  21	|	26.000
  23	|	34.000
  20	|	34.000
  48	|	35.000
   5	|	36.000
  50	|	38.000
  13	|	40.000
  18	|	45.000

=====

ALFA 0.30 =============

EXECUCAO 1
Custo: 674.000000
Vertices: 21
Tempo: 0.034501
Label	|	Custo
  34	|	21.000
   9	|	30.000
   7	|	27.000
  31	|	28.000
  47	|	30.000
  23	|	34.000
  15	|	22.000
  45	|	34.000
  20	|	34.000
  21	|	26.000
   6	|	25.000
  14	|	20.000
  30	|	34.000
  42	|	36.000
   5	|	36.000
  50	|	38.000
  48	|	35.000
  27	|	35.000
  13	|	40.000
  12	|	44.000
  39	|	45.000

EXECUCAO 2
Custo: 674.000000
Vertices: 21
Tempo: 0.034024
Label	|	Custo
  34	|	21.000
   9	|	30.000
   7	|	27.000
  31	|	28.000
  47	|	30.000
  23	|	34.000
  15	|	22.000
  45	|	34.000
  20	|	34.000
  21	|	26.000
   6	|	25.000
  14	|	20.000
  30	|	34.000
  42	|	36.000
   5	|	36.000
  50	|	38.000
  48	|	35.000
  27	|	35.000
  13	|	40.000
  12	|	44.000
  39	|	45.000

EXECUCAO 3
Custo: 674.000000
Vertices: 21
Tempo: 0.033691
Label	|	Custo
  34	|	21.000
   9	|	30.000
   7	|	27.000
  31	|	28.000
  47	|	30.000
  23	|	34.000
  15	|	22.000
  45	|	34.000
  20	|	34.000
  21	|	26.000
   6	|	25.000
  14	|	20.000
  30	|	34.000
  42	|	36.000
   5	|	36.000
  50	|	38.000
  48	|	35.000
  27	|	35.000
  13	|	40.000
  12	|	44.000
  39	|	45.000

EXECUCAO 4
Custo: 674.000000
Vertices: 21
Tempo: 0.034075
Label	|	Custo
  34	|	21.000
   9	|	30.000
   7	|	27.000
  31	|	28.000
  47	|	30.000
  23	|	34.000
  15	|	22.000
  45	|	34.000
  20	|	34.000
  21	|	26.000
   6	|	25.000
  14	|	20.000
  30	|	34.000
  42	|	36.000
   5	|	36.000
  50	|	38.000
  48	|	35.000
  27	|	35.000
  13	|	40.000
  12	|	44.000
  39	|	45.000

EXECUCAO 5
Custo: 674.000000
Vertices: 21
Tempo: 0.034041
Label	|	Custo
  34	|	21.000
   9	|	30.000
   7	|	27.000
  31	|	28.000
  47	|	30.000
  23	|	34.000
  15	|	22.000
  45	|	34.000
  20	|	34.000
  21	|	26.000
   6	|	25.000
  14	|	20.000
  30	|	34.000
  42	|	36.000
   5	|	36.000
  50	|	38.000
  48	|	35.000
  27	|	35.000
  13	|	40.000
  12	|	44.000
  39	|	45.000

EXECUCAO 6
Custo: 674.000000
Vertices: 21
Tempo: 0.033828
Label	|	Custo
  34	|	21.000
   9	|	30.000
   7	|	27.000
  31	|	28.000
  47	|	30.000
  23	|	34.000
  15	|	22.000
  45	|	34.000
  20	|	34.000
  21	|	26.000
   6	|	25.000
  14	|	20.000
  30	|	34.000
  42	|	36.000
   5	|	36.000
  50	|	38.000
  48	|	35.000
  27	|	35.000
  13	|	40.000
  12	|	44.000
  39	|	45.000

EXECUCAO 7
Custo: 674.000000
Vertices: 21
Tempo: 0.034066
Label	|	Custo
  34	|	21.000
   9	|	30.000
   7	|	27.000
  31	|	28.000
  47	|	30.000
  23	|	34.000
  15	|	22.000
  45	|	34.000
  20	|	34.000
  21	|	26.000
   6	|	25.000
  14	|	20.000
  30	|	34.000
  42	|	36.000
   5	|	36.000
  50	|	38.000
  48	|	35.000
  27	|	35.000
  13	|	40.000
  12	|	44.000
  39	|	45.000

EXECUCAO 8
Custo: 674.000000
Vertices: 21
Tempo: 0.033837
Label	|	Custo
  34	|	21.000
   9	|	30.000
   7	|	27.000
  31	|	28.000
  47	|	30.000
  23	|	34.000
  15	|	22.000
  45	|	34.000
  20	|	34.000
  21	|	26.000
   6	|	25.000
  14	|	20.000
  30	|	34.000
  42	|	36.000
   5	|	36.000
  50	|	38.000
  48	|	35.000
  27	|	35.000
  13	|	40.000
  12	|	44.000
  39	|	45.000

EXECUCAO 9
Custo: 674.000000
Vertices: 21
Tempo: 0.033957
Label	|	Custo
  34	|	21.000
   9	|	30.000
   7	|	27.000
  31	|	28.000
  47	|	30.000
  23	|	34.000
  15	|	22.000
  45	|	34.000
  20	|	34.000
  21	|	26.000
   6	|	25.000
  14	|	20.000
  30	|	34.000
  42	|	36.000
   5	|	36.000
  50	|	38.000
  48	|	35.000
  27	|	35.000
  13	|	40.000
  12	|	44.000
  39	|	45.000

EXECUCAO 10
Custo: 674.000000
Vertices: 21
Tempo: 0.034376
Label	|	Custo
  34	|	21.000
   9	|	30.000
   7	|	27.000
  31	|	28.000
  47	|	30.000
  23	|	34.000
  15	|	22.000
  45	|	34.000
  20	|	34.000
  21	|	26.000
   6	|	25.000
  14	|	20.000
  30	|	34.000
  42	|	36.000
   5	|	36.000
  50	|	38.000
  48	|	35.000
  27	|	35.000
  13	|	40.000
  12	|	44.000
  39	|	45.000

=====

ALFA 0.50 =============

EXECUCAO 1
Custo: 753.000000
Vertices: 23
Tempo: 0.034865
Label	|	Custo
  46	|	33.000
  30	|	34.000
   7	|	27.000
  23	|	34.000
  47	|	30.000
   6	|	25.000
  38	|	32.000
  11	|	35.000
  48	|	35.000
  45	|	34.000
  50	|	38.000
  21	|	26.000
   9	|	30.000
  15	|	22.000
  20	|	34.000
  14	|	20.000
  27	|	35.000
  13	|	40.000
  12	|	44.000
  39	|	45.000
  42	|	36.000
   5	|	36.000
   1	|	28.000

EXECUCAO 2
Custo: 678.000000
Vertices: 21
Tempo: 0.031707
Label	|	Custo
  47	|	30.000
  27	|	35.000
  23	|	34.000
  45	|	34.000
  17	|	23.000
  10	|	31.000
  42	|	36.000
  31	|	28.000
  24	|	22.000
  22	|	37.000
  28	|	36.000
   5	|	36.000
  34	|	21.000
  50	|	38.000
  32	|	27.000
  30	|	34.000
  48	|	35.000
   9	|	30.000
  14	|	20.000
  39	|	45.000
  36	|	46.000

EXECUCAO 3
Custo: 678.000000
Vertices: 21
Tempo: 0.033691
Label	|	Custo
  47	|	30.000
  27	|	35.000
  23	|	34.000
  45	|	34.000
  17	|	23.000
  10	|	31.000
  42	|	36.000
  31	|	28.000
  24	|	22.000
  22	|	37.000
  28	|	36.000
   5	|	36.000
  34	|	21.000
  50	|	38.000
  32	|	27.000
  30	|	34.000
  48	|	35.000
   9	|	30.000
  14	|	20.000
  39	|	45.000
  36	|	46.000

EXECUCAO 4
Custo: 678.000000
Vertices: 21
Tempo: 0.035654
Label	|	Custo
  47	|	30.000
  27	|	35.000
  23	|	34.000
  45	|	34.000
  17	|	23.000
  10	|	31.000
  42	|	36.000
  31	|	28.000
  24	|	22.000
  22	|	37.000
  28	|	36.000
   5	|	36.000
  34	|	21.000
  50	|	38.000
  32	|	27.000
  30	|	34.000
  48	|	35.000
   9	|	30.000
  14	|	20.000
  39	|	45.000
  36	|	46.000

EXECUCAO 5
Custo: 678.000000
Vertices: 21
Tempo: 0.034694
Label	|	Custo
  47	|	30.000
  27	|	35.000
  23	|	34.000
  45	|	34.000
  17	|	23.000
  10	|	31.000
  42	|	36.000
  31	|	28.000
  24	|	22.000
  22	|	37.000
  28	|	36.000
   5	|	36.000
  34	|	21.000
  50	|	38.000
  32	|	27.000
  30	|	34.000
  48	|	35.000
   9	|	30.000
  14	|	20.000
  39	|	45.000
  36	|	46.000

EXECUCAO 6
Custo: 678.000000
Vertices: 21
Tempo: 0.035146
Label	|	Custo
  47	|	30.000
  27	|	35.000
  23	|	34.000
  45	|	34.000
  17	|	23.000
  10	|	31.000
  42	|	36.000
  31	|	28.000
  24	|	22.000
  22	|	37.000
  28	|	36.000
   5	|	36.000
  34	|	21.000
  50	|	38.000
  32	|	27.000
  30	|	34.000
  48	|	35.000
   9	|	30.000
  14	|	20.000
  39	|	45.000
  36	|	46.000

EXECUCAO 7
Custo: 678.000000
Vertices: 21
Tempo: 0.034230
Label	|	Custo
  47	|	30.000
  27	|	35.000
  23	|	34.000
  45	|	34.000
  17	|	23.000
  10	|	31.000
  42	|	36.000
  31	|	28.000
  24	|	22.000
  22	|	37.000
  28	|	36.000
   5	|	36.000
  34	|	21.000
  50	|	38.000
  32	|	27.000
  30	|	34.000
  48	|	35.000
   9	|	30.000
  14	|	20.000
  39	|	45.000
  36	|	46.000

EXECUCAO 8
Custo: 678.000000
Vertices: 21
Tempo: 0.033790
Label	|	Custo
  47	|	30.000
  27	|	35.000
  23	|	34.000
  45	|	34.000
  17	|	23.000
  10	|	31.000
  42	|	36.000
  31	|	28.000
  24	|	22.000
  22	|	37.000
  28	|	36.000
   5	|	36.000
  34	|	21.000
  50	|	38.000
  32	|	27.000
  30	|	34.000
  48	|	35.000
   9	|	30.000
  14	|	20.000
  39	|	45.000
  36	|	46.000

EXECUCAO 9
Custo: 678.000000
Vertices: 21
Tempo: 0.034355
Label	|	Custo
  47	|	30.000
  27	|	35.000
  23	|	34.000
  45	|	34.000
  17	|	23.000
  10	|	31.000
  42	|	36.000
  31	|	28.000
  24	|	22.000
  22	|	37.000
  28	|	36.000
   5	|	36.000
  34	|	21.000
  50	|	38.000
  32	|	27.000
  30	|	34.000
  48	|	35.000
   9	|	30.000
  14	|	20.000
  39	|	45.000
  36	|	46.000

EXECUCAO 10
Custo: 678.000000
Vertices: 21
Tempo: 0.033532
Label	|	Custo
  47	|	30.000
  27	|	35.000
  23	|	34.000
  45	|	34.000
  17	|	23.000
  10	|	31.000
  42	|	36.000
  31	|	28.000
  24	|	22.000
  22	|	37.000
  28	|	36.000
   5	|	36.000
  34	|	21.000
  50	|	38.000
  32	|	27.000
  30	|	34.000
  48	|	35.000
   9	|	30.000
  14	|	20.000
  39	|	45.000
  36	|	46.000

=====

