INSTANCIA 100_500_3

ALFA 0.15 =============

EXECUCAO 1
Custo: 709.000000
Vertices: 21
Tempo: 0.060698
Label	|	Custo
  74	|	22.000
   1	|	28.000
  27	|	35.000
  23	|	34.000
  30	|	34.000
  83	|	23.000
  86	|	26.000
  20	|	34.000
  87	|	33.000
  56	|	41.000
  24	|	22.000
  89	|	28.000
  29	|	31.000
  16	|	47.000
  76	|	39.000
  57	|	25.000
  39	|	45.000
  50	|	38.000
   8	|	48.000
  41	|	44.000
  88	|	32.000

EXECUCAO 2
Custo: 709.000000
Vertices: 21
Tempo: 0.060525
Label	|	Custo
  74	|	22.000
   1	|	28.000
  27	|	35.000
  23	|	34.000
  30	|	34.000
  83	|	23.000
  86	|	26.000
  20	|	34.000
  87	|	33.000
  56	|	41.000
  24	|	22.000
  89	|	28.000
  29	|	31.000
  16	|	47.000
  76	|	39.000
  57	|	25.000
  39	|	45.000
  50	|	38.000
   8	|	48.000
  41	|	44.000
  88	|	32.000

EXECUCAO 3
Custo: 709.000000
Vertices: 21
Tempo: 0.060610
Label	|	Custo
  74	|	22.000
   1	|	28.000
  27	|	35.000
  23	|	34.000
  30	|	34.000
  83	|	23.000
  86	|	26.000
  20	|	34.000
  87	|	33.000
  56	|	41.000
  24	|	22.000
  89	|	28.000
  29	|	31.000
  16	|	47.000
  76	|	39.000
  57	|	25.000
  39	|	45.000
  50	|	38.000
   8	|	48.000
  41	|	44.000
  88	|	32.000

EXECUCAO 4
Custo: 709.000000
Vertices: 21
Tempo: 0.062232
Label	|	Custo
  74	|	22.000
   1	|	28.000
  27	|	35.000
  23	|	34.000
  30	|	34.000
  83	|	23.000
  86	|	26.000
  20	|	34.000
  87	|	33.000
  56	|	41.000
  24	|	22.000
  89	|	28.000
  29	|	31.000
  16	|	47.000
  76	|	39.000
  57	|	25.000
  39	|	45.000
  50	|	38.000
   8	|	48.000
  41	|	44.000
  88	|	32.000

EXECUCAO 5
Custo: 709.000000
Vertices: 21
Tempo: 0.063754
Label	|	Custo
  74	|	22.000
   1	|	28.000
  27	|	35.000
  23	|	34.000
  30	|	34.000
  83	|	23.000
  86	|	26.000
  20	|	34.000
  87	|	33.000
  56	|	41.000
  24	|	22.000
  89	|	28.000
  29	|	31.000
  16	|	47.000
  76	|	39.000
  57	|	25.000
  39	|	45.000
  50	|	38.000
   8	|	48.000
  41	|	44.000
  88	|	32.000

EXECUCAO 6
Custo: 709.000000
Vertices: 21
Tempo: 0.064458
Label	|	Custo
  74	|	22.000
   1	|	28.000
  27	|	35.000
  23	|	34.000
  30	|	34.000
  83	|	23.000
  86	|	26.000
  20	|	34.000
  87	|	33.000
  56	|	41.000
  24	|	22.000
  89	|	28.000
  29	|	31.000
  16	|	47.000
  76	|	39.000
  57	|	25.000
  39	|	45.000
  50	|	38.000
   8	|	48.000
  41	|	44.000
  88	|	32.000

EXECUCAO 7
Custo: 709.000000
Vertices: 21
Tempo: 0.060776
Label	|	Custo
  74	|	22.000
   1	|	28.000
  27	|	35.000
  23	|	34.000
  30	|	34.000
  83	|	23.000
  86	|	26.000
  20	|	34.000
  87	|	33.000
  56	|	41.000
  24	|	22.000
  89	|	28.000
  29	|	31.000
  16	|	47.000
  76	|	39.000
  57	|	25.000
  39	|	45.000
  50	|	38.000
   8	|	48.000
  41	|	44.000
  88	|	32.000

EXECUCAO 8
Custo: 709.000000
Vertices: 21
Tempo: 0.062497
Label	|	Custo
  74	|	22.000
   1	|	28.000
  27	|	35.000
  23	|	34.000
  30	|	34.000
  83	|	23.000
  86	|	26.000
  20	|	34.000
  87	|	33.000
  56	|	41.000
  24	|	22.000
  89	|	28.000
  29	|	31.000
  16	|	47.000
  76	|	39.000
  57	|	25.000
  39	|	45.000
  50	|	38.000
   8	|	48.000
  41	|	44.000
  88	|	32.000

EXECUCAO 9
Custo: 709.000000
Vertices: 21
Tempo: 0.064456
Label	|	Custo
  74	|	22.000
   1	|	28.000
  27	|	35.000
  23	|	34.000
  30	|	34.000
  83	|	23.000
  86	|	26.000
  20	|	34.000
  87	|	33.000
  56	|	41.000
  24	|	22.000
  89	|	28.000
  29	|	31.000
  16	|	47.000
  76	|	39.000
  57	|	25.000
  39	|	45.000
  50	|	38.000
   8	|	48.000
  41	|	44.000
  88	|	32.000

EXECUCAO 10
Custo: 709.000000
Vertices: 21
Tempo: 0.057255
Label	|	Custo
  74	|	22.000
   1	|	28.000
  27	|	35.000
  23	|	34.000
  30	|	34.000
  83	|	23.000
  86	|	26.000
  20	|	34.000
  87	|	33.000
  56	|	41.000
  24	|	22.000
  89	|	28.000
  29	|	31.000
  16	|	47.000
  76	|	39.000
  57	|	25.000
  39	|	45.000
  50	|	38.000
   8	|	48.000
  41	|	44.000
  88	|	32.000

=====

ALFA 0.30 =============

EXECUCAO 1
Custo: 743.000000
Vertices: 21
Tempo: 0.066988
Label	|	Custo
  81	|	22.000
  30	|	34.000
  33	|	35.000
  42	|	36.000
   9	|	30.000
  26	|	33.000
  93	|	26.000
  91	|	40.000
  87	|	33.000
  31	|	28.000
  49	|	33.000
  24	|	22.000
  66	|	27.000
  44	|	38.000
  19	|	42.000
  64	|	45.000
  76	|	39.000
  43	|	45.000
  78	|	46.000
  97	|	49.000
  61	|	40.000

EXECUCAO 2
Custo: 743.000000
Vertices: 21
Tempo: 0.065782
Label	|	Custo
  81	|	22.000
  30	|	34.000
  33	|	35.000
  42	|	36.000
   9	|	30.000
  26	|	33.000
  93	|	26.000
  91	|	40.000
  87	|	33.000
  31	|	28.000
  49	|	33.000
  24	|	22.000
  66	|	27.000
  44	|	38.000
  19	|	42.000
  64	|	45.000
  76	|	39.000
  43	|	45.000
  78	|	46.000
  97	|	49.000
  61	|	40.000

EXECUCAO 3
Custo: 775.000000
Vertices: 23
Tempo: 0.067034
Label	|	Custo
  53	|	44.000
  81	|	22.000
  34	|	21.000
  93	|	26.000
  42	|	36.000
   7	|	27.000
  60	|	23.000
  15	|	22.000
  63	|	37.000
  89	|	28.000
  46	|	33.000
  44	|	38.000
  48	|	35.000
  62	|	41.000
  19	|	42.000
  22	|	37.000
  84	|	42.000
  45	|	34.000
  99	|	35.000
  57	|	25.000
  73	|	49.000
  50	|	38.000
  61	|	40.000

EXECUCAO 4
Custo: 775.000000
Vertices: 23
Tempo: 0.068632
Label	|	Custo
  53	|	44.000
  81	|	22.000
  34	|	21.000
  93	|	26.000
  42	|	36.000
   7	|	27.000
  60	|	23.000
  15	|	22.000
  63	|	37.000
  89	|	28.000
  46	|	33.000
  44	|	38.000
  48	|	35.000
  62	|	41.000
  19	|	42.000
  22	|	37.000
  84	|	42.000
  45	|	34.000
  99	|	35.000
  57	|	25.000
  73	|	49.000
  50	|	38.000
  61	|	40.000

EXECUCAO 5
Custo: 775.000000
Vertices: 23
Tempo: 0.069643
Label	|	Custo
  53	|	44.000
  81	|	22.000
  34	|	21.000
  93	|	26.000
  42	|	36.000
   7	|	27.000
  60	|	23.000
  15	|	22.000
  63	|	37.000
  89	|	28.000
  46	|	33.000
  44	|	38.000
  48	|	35.000
  62	|	41.000
  19	|	42.000
  22	|	37.000
  84	|	42.000
  45	|	34.000
  99	|	35.000
  57	|	25.000
  73	|	49.000
  50	|	38.000
  61	|	40.000

EXECUCAO 6
Custo: 775.000000
Vertices: 23
Tempo: 0.069634
Label	|	Custo
  53	|	44.000
  81	|	22.000
  34	|	21.000
  93	|	26.000
  42	|	36.000
   7	|	27.000
  60	|	23.000
  15	|	22.000
  63	|	37.000
  89	|	28.000
  46	|	33.000
  44	|	38.000
  48	|	35.000
  62	|	41.000
  19	|	42.000
  22	|	37.000
  84	|	42.000
  45	|	34.000
  99	|	35.000
  57	|	25.000
  73	|	49.000
  50	|	38.000
  61	|	40.000

EXECUCAO 7
Custo: 775.000000
Vertices: 23
Tempo: 0.066166
Label	|	Custo
  53	|	44.000
  81	|	22.000
  34	|	21.000
  93	|	26.000
  42	|	36.000
   7	|	27.000
  60	|	23.000
  15	|	22.000
  63	|	37.000
  89	|	28.000
  46	|	33.000
  44	|	38.000
  48	|	35.000
  62	|	41.000
  19	|	42.000
  22	|	37.000
  84	|	42.000
  45	|	34.000
  99	|	35.000
  57	|	25.000
  73	|	49.000
  50	|	38.000
  61	|	40.000

EXECUCAO 8
Custo: 775.000000
Vertices: 23
Tempo: 0.069624
Label	|	Custo
  53	|	44.000
  81	|	22.000
  34	|	21.000
  93	|	26.000
  42	|	36.000
   7	|	27.000
  60	|	23.000
  15	|	22.000
  63	|	37.000
  89	|	28.000
  46	|	33.000
  44	|	38.000
  48	|	35.000
  62	|	41.000
  19	|	42.000
  22	|	37.000
  84	|	42.000
  45	|	34.000
  99	|	35.000
  57	|	25.000
  73	|	49.000
  50	|	38.000
  61	|	40.000

EXECUCAO 9
Custo: 775.000000
Vertices: 23
Tempo: 0.069360
Label	|	Custo
  53	|	44.000
  81	|	22.000
  34	|	21.000
  93	|	26.000
  42	|	36.000
   7	|	27.000
  60	|	23.000
  15	|	22.000
  63	|	37.000
  89	|	28.000
  46	|	33.000
  44	|	38.000
  48	|	35.000
  62	|	41.000
  19	|	42.000
  22	|	37.000
  84	|	42.000
  45	|	34.000
  99	|	35.000
  57	|	25.000
  73	|	49.000
  50	|	38.000
  61	|	40.000

EXECUCAO 10
Custo: 775.000000
Vertices: 23
Tempo: 0.070453
Label	|	Custo
  53	|	44.000
  81	|	22.000
  34	|	21.000
  93	|	26.000
  42	|	36.000
   7	|	27.000
  60	|	23.000
  15	|	22.000
  63	|	37.000
  89	|	28.000
  46	|	33.000
  44	|	38.000
  48	|	35.000
  62	|	41.000
  19	|	42.000
  22	|	37.000
  84	|	42.000
  45	|	34.000
  99	|	35.000
  57	|	25.000
  73	|	49.000
  50	|	38.000
  61	|	40.000

=====

ALFA 0.50 =============

EXECUCAO 1
Custo: 672.000000
Vertices: 20
Tempo: 0.072318
Label	|	Custo
  86	|	26.000
  21	|	26.000
  89	|	28.000
  47	|	30.000
  31	|	28.000
  37	|	35.000
  32	|	27.000
  63	|	37.000
  51	|	42.000
  39	|	45.000
   4	|	25.000
  44	|	38.000
  82	|	20.000
  19	|	42.000
  64	|	45.000
  99	|	35.000
  10	|	31.000
  94	|	42.000
  57	|	25.000
  43	|	45.000

EXECUCAO 2
Custo: 672.000000
Vertices: 20
Tempo: 0.073126
Label	|	Custo
  86	|	26.000
  21	|	26.000
  89	|	28.000
  47	|	30.000
  31	|	28.000
  37	|	35.000
  32	|	27.000
  63	|	37.000
  51	|	42.000
  39	|	45.000
   4	|	25.000
  44	|	38.000
  82	|	20.000
  19	|	42.000
  64	|	45.000
  99	|	35.000
  10	|	31.000
  94	|	42.000
  57	|	25.000
  43	|	45.000

EXECUCAO 3
Custo: 672.000000
Vertices: 20
Tempo: 0.072789
Label	|	Custo
  86	|	26.000
  21	|	26.000
  89	|	28.000
  47	|	30.000
  31	|	28.000
  37	|	35.000
  32	|	27.000
  63	|	37.000
  51	|	42.000
  39	|	45.000
   4	|	25.000
  44	|	38.000
  82	|	20.000
  19	|	42.000
  64	|	45.000
  99	|	35.000
  10	|	31.000
  94	|	42.000
  57	|	25.000
  43	|	45.000

EXECUCAO 4
Custo: 672.000000
Vertices: 20
Tempo: 0.073805
Label	|	Custo
  86	|	26.000
  21	|	26.000
  89	|	28.000
  47	|	30.000
  31	|	28.000
  37	|	35.000
  32	|	27.000
  63	|	37.000
  51	|	42.000
  39	|	45.000
   4	|	25.000
  44	|	38.000
  82	|	20.000
  19	|	42.000
  64	|	45.000
  99	|	35.000
  10	|	31.000
  94	|	42.000
  57	|	25.000
  43	|	45.000

EXECUCAO 5
Custo: 672.000000
Vertices: 20
Tempo: 0.074679
Label	|	Custo
  86	|	26.000
  21	|	26.000
  89	|	28.000
  47	|	30.000
  31	|	28.000
  37	|	35.000
  32	|	27.000
  63	|	37.000
  51	|	42.000
  39	|	45.000
   4	|	25.000
  44	|	38.000
  82	|	20.000
  19	|	42.000
  64	|	45.000
  99	|	35.000
  10	|	31.000
  94	|	42.000
  57	|	25.000
  43	|	45.000

EXECUCAO 6
Custo: 672.000000
Vertices: 20
Tempo: 0.074555
Label	|	Custo
  86	|	26.000
  21	|	26.000
  89	|	28.000
  47	|	30.000
  31	|	28.000
  37	|	35.000
  32	|	27.000
  63	|	37.000
  51	|	42.000
  39	|	45.000
   4	|	25.000
  44	|	38.000
  82	|	20.000
  19	|	42.000
  64	|	45.000
  99	|	35.000
  10	|	31.000
  94	|	42.000
  57	|	25.000
  43	|	45.000

EXECUCAO 7
Custo: 768.000000
Vertices: 24
Tempo: 0.074787
Label	|	Custo
  42	|	36.000
  34	|	21.000
  65	|	22.000
  38	|	32.000
  10	|	31.000
  30	|	34.000
  83	|	23.000
  13	|	40.000
  74	|	22.000
  52	|	22.000
  86	|	26.000
  82	|	20.000
  81	|	22.000
   9	|	30.000
  67	|	29.000
  48	|	35.000
  36	|	46.000
  21	|	26.000
  98	|	49.000
  95	|	49.000
  84	|	42.000
  57	|	25.000
  50	|	38.000
   8	|	48.000

EXECUCAO 8
Custo: 768.000000
Vertices: 24
Tempo: 0.075112
Label	|	Custo
  42	|	36.000
  34	|	21.000
  65	|	22.000
  38	|	32.000
  10	|	31.000
  30	|	34.000
  83	|	23.000
  13	|	40.000
  74	|	22.000
  52	|	22.000
  86	|	26.000
  82	|	20.000
  81	|	22.000
   9	|	30.000
  67	|	29.000
  48	|	35.000
  36	|	46.000
  21	|	26.000
  98	|	49.000
  95	|	49.000
  84	|	42.000
  57	|	25.000
  50	|	38.000
   8	|	48.000

EXECUCAO 9
Custo: 768.000000
Vertices: 24
Tempo: 0.074030
Label	|	Custo
  42	|	36.000
  34	|	21.000
  65	|	22.000
  38	|	32.000
  10	|	31.000
  30	|	34.000
  83	|	23.000
  13	|	40.000
  74	|	22.000
  52	|	22.000
  86	|	26.000
  82	|	20.000
  81	|	22.000
   9	|	30.000
  67	|	29.000
  48	|	35.000
  36	|	46.000
  21	|	26.000
  98	|	49.000
  95	|	49.000
  84	|	42.000
  57	|	25.000
  50	|	38.000
   8	|	48.000

EXECUCAO 10
Custo: 768.000000
Vertices: 24
Tempo: 0.074318
Label	|	Custo
  42	|	36.000
  34	|	21.000
  65	|	22.000
  38	|	32.000
  10	|	31.000
  30	|	34.000
  83	|	23.000
  13	|	40.000
  74	|	22.000
  52	|	22.000
  86	|	26.000
  82	|	20.000
  81	|	22.000
   9	|	30.000
  67	|	29.000
  48	|	35.000
  36	|	46.000
  21	|	26.000
  98	|	49.000
  95	|	49.000
  84	|	42.000
  57	|	25.000
  50	|	38.000
   8	|	48.000

=====

