INSTANCIA 100_500_3

EXECUCAO 1
Custo: 502.000000
Vertices: 17
Tempo: 0.323200
Label	|	Custo
  96	|	23.000
  20	|	34.000
  53	|	44.000
  14	|	20.000
   1	|	28.000
  26	|	33.000
  82	|	20.000
  86	|	26.000
  23	|	34.000
  83	|	23.000
  21	|	26.000
  71	|	31.000
  89	|	28.000
  32	|	27.000
  15	|	22.000
  55	|	43.000
  61	|	40.000

EXECUCAO 2
Custo: 502.000000
Vertices: 17
Tempo: 0.315666
Label	|	Custo
  96	|	23.000
  20	|	34.000
  53	|	44.000
  14	|	20.000
   1	|	28.000
  26	|	33.000
  82	|	20.000
  86	|	26.000
  23	|	34.000
  83	|	23.000
  21	|	26.000
  71	|	31.000
  89	|	28.000
  32	|	27.000
  15	|	22.000
  55	|	43.000
  61	|	40.000

EXECUCAO 3
Custo: 502.000000
Vertices: 17
Tempo: 0.318992
Label	|	Custo
  96	|	23.000
  20	|	34.000
  53	|	44.000
  14	|	20.000
   1	|	28.000
  26	|	33.000
  82	|	20.000
  86	|	26.000
  23	|	34.000
  83	|	23.000
  21	|	26.000
  71	|	31.000
  89	|	28.000
  32	|	27.000
  15	|	22.000
  55	|	43.000
  61	|	40.000

EXECUCAO 4
Custo: 594.000000
Vertices: 19
Tempo: 0.329581
Label	|	Custo
   1	|	28.000
  96	|	23.000
  70	|	25.000
  20	|	34.000
  31	|	28.000
  26	|	33.000
  59	|	26.000
  93	|	26.000
  32	|	27.000
  60	|	23.000
  33	|	35.000
  72	|	40.000
   4	|	25.000
  30	|	34.000
  75	|	40.000
  55	|	43.000
  76	|	39.000
  57	|	25.000
  61	|	40.000

EXECUCAO 5
Custo: 594.000000
Vertices: 19
Tempo: 0.322728
Label	|	Custo
   1	|	28.000
  96	|	23.000
  70	|	25.000
  20	|	34.000
  31	|	28.000
  26	|	33.000
  59	|	26.000
  93	|	26.000
  32	|	27.000
  60	|	23.000
  33	|	35.000
  72	|	40.000
   4	|	25.000
  30	|	34.000
  75	|	40.000
  55	|	43.000
  76	|	39.000
  57	|	25.000
  61	|	40.000

EXECUCAO 6
Custo: 579.000000
Vertices: 20
Tempo: 0.330822
Label	|	Custo
  83	|	23.000
  34	|	21.000
  82	|	20.000
  26	|	33.000
  74	|	22.000
  20	|	34.000
   7	|	27.000
   9	|	30.000
  10	|	31.000
  37	|	35.000
  86	|	26.000
  30	|	34.000
  32	|	27.000
  52	|	22.000
  21	|	26.000
  44	|	38.000
  89	|	28.000
  76	|	39.000
  57	|	25.000
  50	|	38.000

EXECUCAO 7
Custo: 579.000000
Vertices: 20
Tempo: 0.340069
Label	|	Custo
  34	|	21.000
  83	|	23.000
  82	|	20.000
  26	|	33.000
  74	|	22.000
  20	|	34.000
   7	|	27.000
   9	|	30.000
  10	|	31.000
  37	|	35.000
  86	|	26.000
  30	|	34.000
  32	|	27.000
  52	|	22.000
  21	|	26.000
  44	|	38.000
  89	|	28.000
  76	|	39.000
  57	|	25.000
  50	|	38.000

EXECUCAO 8
Custo: 579.000000
Vertices: 20
Tempo: 0.340293
Label	|	Custo
  34	|	21.000
  83	|	23.000
  82	|	20.000
  26	|	33.000
  74	|	22.000
  20	|	34.000
   7	|	27.000
   9	|	30.000
  10	|	31.000
  37	|	35.000
  86	|	26.000
  30	|	34.000
  32	|	27.000
  52	|	22.000
  21	|	26.000
  44	|	38.000
  89	|	28.000
  76	|	39.000
  57	|	25.000
  50	|	38.000

EXECUCAO 9
Custo: 579.000000
Vertices: 20
Tempo: 0.329082
Label	|	Custo
  34	|	21.000
  83	|	23.000
  82	|	20.000
  26	|	33.000
  74	|	22.000
  20	|	34.000
   7	|	27.000
   9	|	30.000
  10	|	31.000
  37	|	35.000
  86	|	26.000
  30	|	34.000
  32	|	27.000
  52	|	22.000
  21	|	26.000
  44	|	38.000
  89	|	28.000
  76	|	39.000
  57	|	25.000
  50	|	38.000

EXECUCAO 10
Custo: 675.000000
Vertices: 21
Tempo: 0.332473
Label	|	Custo
  17	|	23.000
   9	|	30.000
  14	|	20.000
  86	|	26.000
  65	|	22.000
  27	|	35.000
  81	|	22.000
  87	|	33.000
  30	|	34.000
  52	|	22.000
  42	|	36.000
  38	|	32.000
  67	|	29.000
  83	|	23.000
  58	|	43.000
  84	|	42.000
  48	|	35.000
  22	|	37.000
  55	|	43.000
   8	|	48.000
  61	|	40.000

=====

