INSTANCIA 50_250_3

EXECUCAO 1
Custo: 261.000000
Vertices: 8
Tempo: 0.061953
Label	|	Custo
   6	|	25.000
  10	|	31.000
   7	|	27.000
   5	|	36.000
  27	|	35.000
  15	|	22.000
  35	|	40.000
  43	|	45.000

EXECUCAO 2
Custo: 261.000000
Vertices: 8
Tempo: 0.062172
Label	|	Custo
   6	|	25.000
  10	|	31.000
   7	|	27.000
   5	|	36.000
  27	|	35.000
  15	|	22.000
  35	|	40.000
  43	|	45.000

EXECUCAO 3
Custo: 261.000000
Vertices: 8
Tempo: 0.063468
Label	|	Custo
   6	|	25.000
  10	|	31.000
   7	|	27.000
   5	|	36.000
  27	|	35.000
  15	|	22.000
  35	|	40.000
  43	|	45.000

EXECUCAO 4
Custo: 261.000000
Vertices: 8
Tempo: 0.064692
Label	|	Custo
   6	|	25.000
  10	|	31.000
   7	|	27.000
   5	|	36.000
  27	|	35.000
  15	|	22.000
  35	|	40.000
  43	|	45.000

EXECUCAO 5
Custo: 261.000000
Vertices: 8
Tempo: 0.065243
Label	|	Custo
   6	|	25.000
  10	|	31.000
   7	|	27.000
   5	|	36.000
  27	|	35.000
  15	|	22.000
  35	|	40.000
  43	|	45.000

EXECUCAO 6
Custo: 261.000000
Vertices: 8
Tempo: 0.065140
Label	|	Custo
   6	|	25.000
  10	|	31.000
   7	|	27.000
   5	|	36.000
  27	|	35.000
  15	|	22.000
  35	|	40.000
  43	|	45.000

EXECUCAO 7
Custo: 261.000000
Vertices: 8
Tempo: 0.062075
Label	|	Custo
   6	|	25.000
  10	|	31.000
   7	|	27.000
   5	|	36.000
  27	|	35.000
  15	|	22.000
  35	|	40.000
  43	|	45.000

EXECUCAO 8
Custo: 261.000000
Vertices: 8
Tempo: 0.061758
Label	|	Custo
   6	|	25.000
  10	|	31.000
   7	|	27.000
   5	|	36.000
  27	|	35.000
  15	|	22.000
  35	|	40.000
  43	|	45.000

EXECUCAO 9
Custo: 261.000000
Vertices: 8
Tempo: 0.061554
Label	|	Custo
   6	|	25.000
  10	|	31.000
   7	|	27.000
   5	|	36.000
  27	|	35.000
  15	|	22.000
  35	|	40.000
  43	|	45.000

EXECUCAO 10
Custo: 261.000000
Vertices: 8
Tempo: 0.061425
Label	|	Custo
   6	|	25.000
  10	|	31.000
   7	|	27.000
   5	|	36.000
  27	|	35.000
  15	|	22.000
  35	|	40.000
  43	|	45.000

=====

