INSTANCIA 100_250_3

EXECUCAO 1
Custo: 859.000000
Vertices: 26
Tempo: 0.537835
Label	|	Custo
  65	|	22.000
  14	|	20.000
  82	|	20.000
  83	|	23.000
  53	|	44.000
  42	|	36.000
  96	|	23.000
  32	|	27.000
   7	|	27.000
  26	|	33.000
  12	|	44.000
  66	|	27.000
  37	|	35.000
  38	|	32.000
  89	|	28.000
  58	|	43.000
  15	|	22.000
  39	|	45.000
   9	|	30.000
  85	|	42.000
  21	|	26.000
  79	|	37.000
  55	|	43.000
   8	|	48.000
  16	|	47.000
  99	|	35.000

EXECUCAO 2
Custo: 859.000000
Vertices: 26
Tempo: 0.525968
Label	|	Custo
  65	|	22.000
  14	|	20.000
  82	|	20.000
  83	|	23.000
  53	|	44.000
  42	|	36.000
  96	|	23.000
  32	|	27.000
   7	|	27.000
  26	|	33.000
  12	|	44.000
  66	|	27.000
  37	|	35.000
  38	|	32.000
  89	|	28.000
  58	|	43.000
  15	|	22.000
  39	|	45.000
   9	|	30.000
  85	|	42.000
  21	|	26.000
  79	|	37.000
  55	|	43.000
   8	|	48.000
  16	|	47.000
  99	|	35.000

EXECUCAO 3
Custo: 879.000000
Vertices: 30
Tempo: 0.529222
Label	|	Custo
  65	|	22.000
  14	|	20.000
  83	|	23.000
  96	|	23.000
  17	|	23.000
  82	|	20.000
  23	|	34.000
  34	|	21.000
  52	|	22.000
  87	|	33.000
  69	|	30.000
  29	|	31.000
  32	|	27.000
  67	|	29.000
  71	|	31.000
  38	|	32.000
  66	|	27.000
  89	|	28.000
  27	|	35.000
  58	|	43.000
  15	|	22.000
  63	|	37.000
  39	|	45.000
  56	|	41.000
  30	|	34.000
  86	|	26.000
  21	|	26.000
  48	|	35.000
  45	|	34.000
  57	|	25.000

EXECUCAO 4
Custo: 879.000000
Vertices: 30
Tempo: 0.504970
Label	|	Custo
  65	|	22.000
  14	|	20.000
  83	|	23.000
  96	|	23.000
  17	|	23.000
  82	|	20.000
  23	|	34.000
  34	|	21.000
  52	|	22.000
  87	|	33.000
  69	|	30.000
  29	|	31.000
  32	|	27.000
  67	|	29.000
  71	|	31.000
  38	|	32.000
  66	|	27.000
  89	|	28.000
  27	|	35.000
  58	|	43.000
  15	|	22.000
  63	|	37.000
  39	|	45.000
  56	|	41.000
  30	|	34.000
  86	|	26.000
  21	|	26.000
  48	|	35.000
  45	|	34.000
  57	|	25.000

EXECUCAO 5
Custo: 879.000000
Vertices: 30
Tempo: 0.529628
Label	|	Custo
  17	|	23.000
  65	|	22.000
  14	|	20.000
  82	|	20.000
  23	|	34.000
  34	|	21.000
  96	|	23.000
  83	|	23.000
  52	|	22.000
  87	|	33.000
  69	|	30.000
  29	|	31.000
  32	|	27.000
  67	|	29.000
  71	|	31.000
  38	|	32.000
  66	|	27.000
  89	|	28.000
  27	|	35.000
  58	|	43.000
  15	|	22.000
  63	|	37.000
  39	|	45.000
  56	|	41.000
  30	|	34.000
  86	|	26.000
  21	|	26.000
  48	|	35.000
  45	|	34.000
  57	|	25.000

EXECUCAO 6
Custo: 879.000000
Vertices: 30
Tempo: 0.541181
Label	|	Custo
  17	|	23.000
  65	|	22.000
  14	|	20.000
  82	|	20.000
  23	|	34.000
  34	|	21.000
  96	|	23.000
  83	|	23.000
  52	|	22.000
  87	|	33.000
  69	|	30.000
  29	|	31.000
  32	|	27.000
  67	|	29.000
  71	|	31.000
  38	|	32.000
  66	|	27.000
  89	|	28.000
  27	|	35.000
  58	|	43.000
  15	|	22.000
  63	|	37.000
  39	|	45.000
  56	|	41.000
  30	|	34.000
  86	|	26.000
  21	|	26.000
  48	|	35.000
  45	|	34.000
  57	|	25.000

EXECUCAO 7
Custo: 897.000000
Vertices: 30
Tempo: 0.544884
Label	|	Custo
  34	|	21.000
  52	|	22.000
  82	|	20.000
  23	|	34.000
  17	|	23.000
  69	|	30.000
  29	|	31.000
  20	|	34.000
  87	|	33.000
  13	|	40.000
  71	|	31.000
  70	|	25.000
  32	|	27.000
  67	|	29.000
  96	|	23.000
  66	|	27.000
  89	|	28.000
  31	|	28.000
  74	|	22.000
  15	|	22.000
  39	|	45.000
   4	|	25.000
  94	|	42.000
  30	|	34.000
  58	|	43.000
  86	|	26.000
  21	|	26.000
  48	|	35.000
  78	|	46.000
  57	|	25.000

EXECUCAO 8
Custo: 861.000000
Vertices: 29
Tempo: 0.542884
Label	|	Custo
  14	|	20.000
  20	|	34.000
  87	|	33.000
  82	|	20.000
  17	|	23.000
  69	|	30.000
  34	|	21.000
  52	|	22.000
  29	|	31.000
  32	|	27.000
  67	|	29.000
  71	|	31.000
  70	|	25.000
  96	|	23.000
  23	|	34.000
  58	|	43.000
  15	|	22.000
  39	|	45.000
  66	|	27.000
  89	|	28.000
  27	|	35.000
  56	|	41.000
  30	|	34.000
  86	|	26.000
   4	|	25.000
  21	|	26.000
  48	|	35.000
  78	|	46.000
  57	|	25.000

EXECUCAO 9
Custo: 861.000000
Vertices: 29
Tempo: 0.518917
Label	|	Custo
  14	|	20.000
  20	|	34.000
  87	|	33.000
  82	|	20.000
  17	|	23.000
  69	|	30.000
  34	|	21.000
  52	|	22.000
  29	|	31.000
  32	|	27.000
  67	|	29.000
  71	|	31.000
  70	|	25.000
  96	|	23.000
  23	|	34.000
  58	|	43.000
  15	|	22.000
  39	|	45.000
  66	|	27.000
  89	|	28.000
  27	|	35.000
  56	|	41.000
  30	|	34.000
  86	|	26.000
   4	|	25.000
  21	|	26.000
  48	|	35.000
  78	|	46.000
  57	|	25.000

EXECUCAO 10
Custo: 861.000000
Vertices: 29
Tempo: 0.509070
Label	|	Custo
  14	|	20.000
  20	|	34.000
  87	|	33.000
  82	|	20.000
  17	|	23.000
  69	|	30.000
  34	|	21.000
  52	|	22.000
  29	|	31.000
  32	|	27.000
  67	|	29.000
  71	|	31.000
  70	|	25.000
  96	|	23.000
  23	|	34.000
  58	|	43.000
  15	|	22.000
  39	|	45.000
  66	|	27.000
  89	|	28.000
  27	|	35.000
  56	|	41.000
  30	|	34.000
  86	|	26.000
   4	|	25.000
  21	|	26.000
  48	|	35.000
  78	|	46.000
  57	|	25.000

=====

