INSTANCIA 50_50_3

EXECUCAO 1
Custo: 660.000000
Vertices: 21
Tempo: 0.170233
Label	|	Custo
  14	|	20.000
  34	|	21.000
  38	|	32.000
  15	|	22.000
  17	|	23.000
   6	|	25.000
  21	|	26.000
  47	|	30.000
   9	|	30.000
  49	|	33.000
  46	|	33.000
  26	|	33.000
  30	|	34.000
  23	|	34.000
  20	|	34.000
  48	|	35.000
  42	|	36.000
   5	|	36.000
  50	|	38.000
  13	|	40.000
  18	|	45.000

EXECUCAO 2
Custo: 636.000000
Vertices: 20
Tempo: 0.165712
Label	|	Custo
  15	|	22.000
   6	|	25.000
   4	|	25.000
  34	|	21.000
  17	|	23.000
  21	|	26.000
  29	|	31.000
  46	|	33.000
  49	|	33.000
  26	|	33.000
  30	|	34.000
  23	|	34.000
  20	|	34.000
  48	|	35.000
   5	|	36.000
  50	|	38.000
  14	|	20.000
  13	|	40.000
  18	|	45.000
   8	|	48.000

EXECUCAO 3
Custo: 636.000000
Vertices: 20
Tempo: 0.163196
Label	|	Custo
  15	|	22.000
   6	|	25.000
   4	|	25.000
  34	|	21.000
  17	|	23.000
  21	|	26.000
  29	|	31.000
  46	|	33.000
  49	|	33.000
  26	|	33.000
  30	|	34.000
  23	|	34.000
  20	|	34.000
  48	|	35.000
   5	|	36.000
  50	|	38.000
  14	|	20.000
  13	|	40.000
  18	|	45.000
   8	|	48.000

EXECUCAO 4
Custo: 636.000000
Vertices: 20
Tempo: 0.163747
Label	|	Custo
  15	|	22.000
   6	|	25.000
   4	|	25.000
  34	|	21.000
  17	|	23.000
  21	|	26.000
  29	|	31.000
  46	|	33.000
  49	|	33.000
  26	|	33.000
  30	|	34.000
  23	|	34.000
  20	|	34.000
  48	|	35.000
   5	|	36.000
  50	|	38.000
  14	|	20.000
  13	|	40.000
  18	|	45.000
   8	|	48.000

EXECUCAO 5
Custo: 636.000000
Vertices: 20
Tempo: 0.165991
Label	|	Custo
  15	|	22.000
   6	|	25.000
   4	|	25.000
  34	|	21.000
  17	|	23.000
  21	|	26.000
  29	|	31.000
  46	|	33.000
  49	|	33.000
  26	|	33.000
  30	|	34.000
  23	|	34.000
  20	|	34.000
  48	|	35.000
   5	|	36.000
  50	|	38.000
  14	|	20.000
  13	|	40.000
  18	|	45.000
   8	|	48.000

EXECUCAO 6
Custo: 636.000000
Vertices: 20
Tempo: 0.163619
Label	|	Custo
  15	|	22.000
   6	|	25.000
   4	|	25.000
  34	|	21.000
  17	|	23.000
  21	|	26.000
  29	|	31.000
  46	|	33.000
  49	|	33.000
  26	|	33.000
  30	|	34.000
  23	|	34.000
  20	|	34.000
  48	|	35.000
   5	|	36.000
  50	|	38.000
  14	|	20.000
  13	|	40.000
  18	|	45.000
   8	|	48.000

EXECUCAO 7
Custo: 636.000000
Vertices: 20
Tempo: 0.163127
Label	|	Custo
  15	|	22.000
   6	|	25.000
   4	|	25.000
  34	|	21.000
  17	|	23.000
  21	|	26.000
  29	|	31.000
  46	|	33.000
  49	|	33.000
  26	|	33.000
  30	|	34.000
  23	|	34.000
  20	|	34.000
  48	|	35.000
   5	|	36.000
  50	|	38.000
  14	|	20.000
  13	|	40.000
  18	|	45.000
   8	|	48.000

EXECUCAO 8
Custo: 631.000000
Vertices: 20
Tempo: 0.163886
Label	|	Custo
   4	|	25.000
  14	|	20.000
  34	|	21.000
  17	|	23.000
   6	|	25.000
  21	|	26.000
  31	|	28.000
  15	|	22.000
  29	|	31.000
  26	|	33.000
  30	|	34.000
  49	|	33.000
  23	|	34.000
  20	|	34.000
  48	|	35.000
   5	|	36.000
  50	|	38.000
  13	|	40.000
  18	|	45.000
   8	|	48.000

EXECUCAO 9
Custo: 631.000000
Vertices: 20
Tempo: 0.165630
Label	|	Custo
   4	|	25.000
  14	|	20.000
  34	|	21.000
  17	|	23.000
   6	|	25.000
  21	|	26.000
  31	|	28.000
  15	|	22.000
  29	|	31.000
  26	|	33.000
  30	|	34.000
  49	|	33.000
  23	|	34.000
  20	|	34.000
  48	|	35.000
   5	|	36.000
  50	|	38.000
  13	|	40.000
  18	|	45.000
   8	|	48.000

EXECUCAO 10
Custo: 631.000000
Vertices: 20
Tempo: 0.167089
Label	|	Custo
   4	|	25.000
  14	|	20.000
  34	|	21.000
  17	|	23.000
   6	|	25.000
  21	|	26.000
  31	|	28.000
  15	|	22.000
  29	|	31.000
  26	|	33.000
  30	|	34.000
  49	|	33.000
  23	|	34.000
  20	|	34.000
  48	|	35.000
   5	|	36.000
  50	|	38.000
  13	|	40.000
  18	|	45.000
   8	|	48.000

=====

